97    99    99    101   112   116   0    
98    98    113   0     0     0     0    
98    101   0     0     0     0     0    
98    101   0     0     0     0     0    
98    101   97    117   116   121   0    
98    108   97    99    107   0     0    
99    104   105   116   0     0     0    
99    111   109   101   0     0     0    
99    114   101   97    109   0     0    
100   101   102   105   110   101   0    
100   114   101   97    109   0     0    
101   97    115   116   101   114   0    
102   97    108   115   101   0     0    
102   105   103   104   116   0     0    
102   108   97    116   0     0     0    
102   114   101   101   0     0     0    
103   111   111   100   0     0     0    
104   101   108   108   111   0     0    
104   111   110   101   115   116   121  
105   99    101   0     0     0     0    
105   110   115   116   97    110   116  
108   105   118   101   0     0     0    
108   111   111   107   0     0     0    
108   111   118   101   0     0     0    
108   111   118   105   110   0     0    
109   105   108   107   0     0     0    
109   105   115   104   0     0     0    
109   111   118   101   0     0     0    
110   101   120   116   0     0     0    
111   112   116   0     0     0     0    
111   118   101   110   0     0     0    
113   117   105   101   116   0     0    
114   105   112   101   0     0     0    
115   101   101   0     0     0     0    
115   109   97    108   108   0     0    
115   116   97    110   100   0     0    
115   116   97    114   116   0     0    
115   116   97    121   0     0     0    
115   119   101   101   116   0     0    
116   97    108   108   0     0     0    
116   104   97    110   107   0     0    
116   114   117   115   116   0     0    
116   114   121   0     0     0     0    
117   115   101   114   0     0     0    
118   105   114   116   117   97    108  
119   105   115   104   121   0     0    
119   111   114   107   0     0     0    
119   114   111   110   103   0     0    
121   105   110   103   0     0     0    
122   105   103   0     0     0     0    
121   111   117   114   115   101   108   102  
99    104   105   99    107   101   110   0    
104   97    112   112   121   0     0     0    
121   111   117   114   115   101   108   102  
115   108   101   101   112   0     0     0    
106   97    99    107   0     0     0     0    
99    104   97    116   0     0     0     0    
98    97    99    107   0     0     0     0    
115   117   103   97    114   0     0     0    
121   111   117   114   115   101   108   102  
98    105   103   0     0     0     0     0    
101   103   103   0     0     0     0     0    
97    108   97    114   109   0     0     0    
111   110   0     0     0     0     0     0    
116   105   114   101   0     0     0     0    
121   111   117   114   115   101   108   102  
109   111   114   110   105   110   103   0    
119   111   114   108   100   0     0     0    
114   117   108   101   115   0     0     0    
99    114   101   97    109   0     0     0    
114   101   112   108   97    121   0     0    
109   117   115   105   99    0     0     0    
117   112   0     0     0     0     0     0    
104   97    116   101   0     0     0     0    
105   116   0     0     0     0     0     0    
112   97    105   108   0     0     0     0    
109   97    115   104   0     0     0     0    
111   110   0     0     0     0     0     0    
117   112   0     0     0     0     0     0    
111   117   116   0     0     0     0     0    
109   105   116   116   0     0     0     0    
116   105   109   101   0     0     0     0    
102   114   117   105   116   0     0     0    
115   97    119   0     0     0     0     0    
98    97    108   108   0     0     0     0    
117   112   0     0     0     0     0     0    
108   105   118   105   110   103   0     0    
112   111   115   105   116   105   118   101  
99    111   114   110   0     0     0     0    
103   105   97    110   116   0     0     0    
121   111   117   0     0     0     0     0    
109   101   0     0     0     0     0     0    
97    103   97    105   110   0     0     0    
102   114   105   101   110   100   108   121  
114   101   97    108   105   116   121   0    
119   97    115   104   121   0     0     0    
104   97    114   100   0     0     0     0    
119   97    121   0     0     0     0     0    
121   97    110   103   0     0     0     0    
122   97    103   0     0     0     0     0    
